,mouth,mouth,mouth,mouth,mouth,mouth,mouth,mouth,mouth,mouth,mouth,eyes,eyes,eyes,eyes,eyes,eyes,eyes,eyes,eyes,eyes,eyes,whole,whole,whole,whole,whole,whole,whole,whole,whole,whole,whole
grade,_00_,_01_,_02_,_03_,_04_,_05_,_06_,_07_,_08_,_09_,_10_,_00_,_01_,_02_,_03_,_04_,_05_,_06_,_07_,_08_,_09_,_10_,_00_,_01_,_02_,_03_,_04_,_05_,_06_,_07_,_08_,_09_,_10_
participant,,,,,,,,,,,,,,,,,,,,,,,,,,,,,,,,,
p001,1420.5,1523.4,1374.2,1663.6,1183.5,1162.1,1513.5,1279.6,1099.5,1241.9,1163.2,1224.4,1244.4,1114.7,1148.2,1300.6,1559.5,1346.9,1431.7,1270.8,1170.4,960.1,1083.0,1159.0,1248.9,1351.1,1770.1,1259.4,1370.9,1283.8,1076.3,976.4,895.9
p002,1847.2,1449.9,1271.7,1425.5,1212.3,1779.9,1377.9,1513.8,1273.6,1462.6,1106.3,1287.6,1071.4,1314.1,1675.1,1524.8,1347.9,1287.7,1124.7,1028.5,1033.2,1001.6,1045.3,1240.2,1210.3,1324.4,1377.3,1126.5,1609.6,1427.6,1052.6,1139.2,1018.9
p003,1476.3,1329.5,1289.1,1479.6,1504.4,1319.4,1576.6,1333.0,1516.5,1316.3,1055.6,1476.9,1572.0,1526.9,1121.4,1300.6,1211.1,1151.6,1336.0,1075.4,1012.3,915.3,1805.0,1737.6,1919.8,1677.7,2442.7,1831.1,1761.1,1571.1,1255.6,1211.3,1139.5
p004,756.7,739.8,722.0,802.5,835.8,765.4,852.2,705.9,748.0,681.7,826.7,831.6,767.6,786.5,815.5,805.9,804.4,740.0,804.2,691.7,668.1,677.1,801.9,759.4,743.7,756.1,783.7,722.6,852.0,759.8,706.1,725.3,667.3
p005,1175.6,1012.2,1586.3,1278.9,1380.6,1349.2,1486.4,1264.7,1628.1,1475.1,1650.0,1041.4,1180.9,1377.5,1063.5,1328.6,1453.4,1662.1,1563.1,1215.3,1140.4,1051.6,1390.4,1531.4,1100.5,1303.6,1471.6,1260.8,1628.5,1325.1,1339.0,986.9,1164.2
p006,1546.9,1240.0,1634.2,1842.3,1404.6,1476.8,1631.7,1690.8,1611.9,1434.5,1474.0,911.7,985.2,1160.7,1211.1,1452.7,1479.6,1709.3,1328.0,1313.7,1023.1,954.6,1279.8,1257.8,1018.0,1381.6,1435.4,1921.7,1469.0,1634.2,1177.8,1112.7,1048.7
p007,1132.6,1218.7,1298.8,1092.1,1135.6,1159.7,1100.9,1005.4,1148.7,996.8,829.6,981.2,962.7,957.6,936.2,1018.0,1188.1,940.6,1114.4,1034.8,908.6,861.4,909.2,1023.6,1119.7,1028.8,1102.3,1211.2,1201.6,1062.2,960.5,906.6,833.2
p008,877.1,884.4,805.0,799.6,804.5,952.8,819.3,824.6,708.1,693.1,819.4,674.9,724.0,770.1,691.9,857.4,876.6,833.1,685.5,815.6,853.8,691.2,751.2,757.1,811.1,666.1,763.1,796.3,705.5,892.3,650.5,645.3,627.3
p009,1279.7,1565.0,1415.6,1600.5,2276.4,2462.1,1995.5,1763.8,2359.7,1634.9,1559.6,1060.4,1311.1,1121.4,1214.6,1561.7,1474.4,1415.7,1442.9,1210.1,1016.0,1060.9,1042.9,1095.5,1293.4,1391.7,1740.2,1612.5,1872.4,1514.4,1209.5,1164.2,1087.1
p010,1198.9,890.4,912.1,887.1,1055.7,851.5,881.3,918.2,860.1,833.4,914.6,862.4,775.6,935.7,982.2,908.8,956.0,967.9,823.5,791.6,852.3,751.6,918.1,953.2,953.5,906.0,985.6,1017.7,883.1,812.6,774.6,825.8,764.2
p011,1403.9,1691.6,1450.3,1877.8,1772.6,1483.1,1522.4,1140.3,1193.6,1017.8,1042.2,873.9,873.8,1027.3,1447.6,1250.8,1761.6,1744.2,1422.9,1210.4,976.6,795.9,882.8,797.2,860.1,1216.3,1671.6,1752.5,1439.7,1065.6,922.2,817.6,813.9
p012,1343.3,1318.2,1543.8,1274.0,1605.2,1238.9,1319.4,1171.9,1073.9,1026.9,1008.0,1388.5,1355.2,2919.3,2331.0,1817.4,1735.6,2387.0,2879.6,1314.2,1252.2,1004.6,1290.4,1683.8,1591.0,1714.3,2038.9,1284.0,1516.6,1097.1,1202.2,1079.1,959.9
p013,1133.3,1384.3,1223.8,1256.7,1356.4,1269.5,1101.9,1215.6,1121.2,1111.9,1130.0,994.1,1115.6,963.0,1039.6,1457.3,1152.8,1086.2,1031.7,1065.7,1079.8,879.7,899.8,1022.4,1108.0,968.1,1157.1,1142.1,1346.0,1126.4,965.2,920.2,778.2
p014,1906.7,2190.1,1979.2,1834.3,2002.7,2051.1,2020.4,1557.3,1552.1,1678.4,1644.8,1702.1,2145.0,1668.2,1962.3,2351.3,2042.1,2419.9,2134.9,1751.5,1235.2,1256.5,1744.1,1776.2,1781.0,2162.5,2371.9,2014.0,2307.7,2003.6,1721.8,1477.9,1424.3
p015,1134.2,1150.9,943.1,1109.1,1047.7,945.7,1018.3,978.3,1194.6,1002.2,930.5,1137.9,1343.6,1163.5,1160.6,1157.4,1254.3,1615.9,1347.6,1209.5,953.8,975.8,1383.7,1231.7,1164.1,1309.8,1423.6,1412.6,1831.7,1262.5,1262.0,1088.2,795.2
p016,1265.4,1187.0,1255.7,1068.2,1103.9,991.7,1282.3,987.3,1136.6,961.8,942.2,1113.6,1031.6,979.9,1049.0,1057.7,1471.6,1046.8,1042.1,1066.1,817.7,883.9,893.2,1060.4,970.2,943.3,1042.0,1266.5,1019.0,1103.6,1064.6,940.9,882.4
p019,1103.8,1600.4,1364.2,1368.2,1567.6,1692.2,1122.3,1139.8,1267.5,1125.0,883.5,883.5,1044.2,1211.2,1180.5,1301.8,1641.9,1668.1,1183.1,868.9,983.9,889.4,892.4,996.5,922.7,1192.3,1280.2,1196.9,1443.6,1139.7,842.6,858.3,763.9
p020,905.8,808.0,887.7,862.3,903.6,879.4,961.5,791.9,729.8,828.6,850.4,1077.2,985.4,943.6,1036.4,1098.5,935.6,883.5,892.7,805.2,710.5,769.7,1071.6,1071.7,976.6,994.9,984.8,1020.5,875.6,839.7,771.0,827.5,723.8
p021,1321.4,1108.2,1224.2,1227.3,1386.7,1435.6,1353.7,1585.5,1959.6,1363.6,1127.7,869.5,810.4,905.8,1016.8,1109.9,1120.1,1132.8,1172.7,1295.7,942.7,954.1,1196.1,1058.7,1015.6,1140.0,1473.7,1411.7,1797.4,1918.0,1224.1,922.5,885.0
p022,1427.0,1305.8,1205.1,1361.0,1461.9,1313.3,1425.5,1181.7,1071.6,1335.7,1130.5,930.6,1077.6,1026.2,1071.6,1266.6,1334.7,1331.7,1254.4,936.7,1023.4,947.4,1082.7,1143.5,1048.7,1229.2,1503.6,1199.2,1399.0,1007.4,975.7,983.6,955.6
p023,2070.2,1930.1,1888.2,1882.0,2329.5,1957.8,2046.5,1967.1,1715.5,1689.3,1751.7,1817.7,1506.8,1455.3,1638.1,1524.2,2106.7,2956.8,1851.3,1430.4,1119.6,1151.6,1231.7,1560.0,1383.6,2035.4,2122.1,2910.9,2327.7,1532.4,1653.2,1064.5,1275.7
p024,1230.8,1183.6,1293.5,1233.8,1385.8,1171.0,1547.3,1310.5,1274.4,1350.0,1038.6,959.6,1060.7,1010.0,1111.6,1047.7,1170.9,1168.2,967.7,907.0,850.5,797.8,924.6,1163.8,1080.3,1076.7,1044.2,1549.3,1649.4,1211.4,936.0,1017.9,870.0
p025,998.1,1024.7,1072.8,1028.9,1199.2,983.7,1028.4,1044.0,995.1,1026.0,1172.9,904.0,957.7,983.6,979.9,977.0,823.7,1165.3,1161.7,839.6,955.1,826.6,930.6,977.9,1034.7,1107.5,1062.7,1309.5,935.6,1116.9,860.8,964.8,842.3
p026,1266.7,1351.7,1300.3,1187.9,1169.2,1159.3,1182.2,1337.2,1216.2,1566.4,1239.4,1225.5,953.8,1499.9,1618.0,1472.4,1295.6,1169.9,1215.6,1090.6,1083.2,1010.7,1027.8,1079.7,1289.9,1303.6,1385.8,1500.0,1385.4,1183.6,891.0,943.9,863.1
p027,1273.6,1195.3,1285.0,1007.6,1276.9,1183.6,1059.5,954.1,1093.9,883.6,1010.9,1230.3,1095.6,1127.6,973.8,1322.2,1086.4,913.4,936.4,883.9,845.8,911.7,1031.6,1141.0,1021.0,977.7,1218.5,1292.5,902.0,963.9,961.7,921.6,817.4
p028,1285.3,1368.5,1479.7,1541.1,1481.0,1594.9,1403.1,1578.6,1297.1,1554.7,1236.6,1121.4,1047.4,1194.3,1137.3,1417.5,1244.0,1499.0,1248.8,1141.5,991.7,918.9,883.3,970.7,1044.2,964.5,1028.6,1118.8,1284.2,1045.3,1066.0,967.7,983.8
p029,2201.4,2532.7,2143.2,2175.6,2122.8,2331.5,2367.6,2337.7,2343.6,2148.8,2058.8,2055.7,2066.2,2173.5,2165.1,2144.3,2036.8,1916.0,1827.0,1657.8,1501.9,1603.9,2215.7,2344.9,2149.1,2274.0,2516.8,1951.6,2534.6,2239.6,2127.6,1815.8,2219.3
p030,812.4,784.5,884.4,756.1,871.7,756.6,986.8,867.1,737.6,754.1,790.0,848.4,912.6,804.7,861.4,917.2,803.6,789.0,828.2,826.5,806.8,710.6,892.9,904.8,969.8,1064.2,930.7,900.2,767.0,726.9,812.6,730.0,756.2
