,threshold,threshold,threshold,bias,bias,bias,slope,slope,slope
,whole,eyes,mouth,whole,eyes,mouth,whole,eyes,mouth
,,,,,,,,,
p001,0.511648835116,0.498050194981,0.415858414159,0.562424553445,0.51247158978,0.587438198197,2.29643671643,1.70558002368,0.880567086343
p002,0.555444455554,0.485551444856,0.480351964804,0.487459339399,0.574928325619,0.537403128874,1.82171199311,1.51778360943,1.35384794726
p003,0.459554044596,0.369063093691,0.476552344766,0.56242807728,0.637424820546,0.549941906391,2.41270598973,1.06630091199,0.742891757145
p004,0.51904809519,0.542645735426,0.491250874913,0.462445468633,0.549983957018,0.424957150144,1.90361437836,0.962355473133,0.557786460064
p005,0.575942405759,0.534946505349,0.616538346165,0.424967014982,0.449889960707,0.424997739512,1.70512852875,1.41829609998,0.624480079573
p006,0.516948305169,0.531546845315,0.532146785321,0.512433273563,0.524891138804,0.524908340964,3.50880472808,2.39201216912,1.17335627641
p007,0.582241775822,0.558844115588,0.474452554745,0.537491630073,0.524888302952,0.662419016356,2.52495975237,1.62503609393,0.82619473506
p008,0.511648835116,0.546145385461,0.546345365463,0.587446331461,0.562432648667,0.774937834879,1.56488846051,1.74218398652,0.788171545542
p009,0.54904509549,0.539546045395,0.46795320468,0.499931184046,0.499802189548,0.474939865884,2.45306985317,2.14556090367,1.91018750558
p010,0.520747925207,0.514648535146,0.507849215078,0.574954825212,0.524972490677,0.599948835644,1.86761580018,0.922131143322,0.683057507898
p011,0.524247575242,0.602639736026,0.437256274373,0.51225888778,0.524977628936,0.624946926242,3.02683415834,2.46142840302,1.30298298606
p012,0.411558844116,0.56904309569,0.486251374863,0.537494153055,0.599946010537,0.662424721173,1.95232269803,1.28579862538,1.19744624735
p013,0.561943805619,0.537546245375,0.485351464854,0.487396834373,0.487458836572,0.624956161723,2.29793133662,1.75087469547,0.813169924752
p014,0.529247075292,0.512148785121,0.525947405259,0.512308104133,0.512414102526,0.412420847414,2.31659898473,1.87385488954,1.40735870171
p015,0.531546845315,0.556144385561,0.482751724828,0.524852992336,0.487373766427,0.42494928535,2.07186734713,1.40249053404,0.545117823987
p016,0.536146385361,0.534446555344,0.431456854315,0.524811551422,0.512358536761,0.674991082308,1.98502855566,2.0875753524,1.02407138937
p019,0.499950005,0.503749625037,0.539246075392,0.512362328517,0.524999387091,0.612430685836,3.16167711898,2.15028235096,1.20144628469
p020,0.513948605139,0.452154784522,0.313268673133,0.587387851258,0.587414657954,0.337499191637,1.44298493232,0.944289534737,0.205534828511
p021,0.608239176082,0.691730826917,0.539546045395,0.512363478803,0.449848409085,0.499928328089,2.12343202911,2.10424754826,0.787359144374
p022,0.533946605339,0.544345565443,0.499650034997,0.524910803188,0.52495406812,0.549999850729,1.9375354204,1.76506497343,1.49506745794
p023,0.483351664834,0.515748425157,0.527547245275,0.512424010935,0.537445464033,0.474896039417,2.23871044299,1.85597635075,1.16815262378
p024,0.500849915008,0.506449355064,0.585841415858,0.549882668062,0.537451768204,0.524951077221,2.67155659328,1.81444305068,1.14293569142
p025,0.567743225677,0.590140985901,0.671932806719,0.562394522393,0.537374153085,0.53747003582,1.23314809567,1.53002482547,0.350917112745
p026,0.527447255274,0.519748025197,0.536846315368,0.524907395928,0.562466507063,0.449969893009,2.79767249587,1.39100380157,0.837734686055
p027,0.48795120488,0.448155184482,0.342765723428,0.537467929808,0.587389451986,0.549953410398,1.87400573486,1.18772743987,1.22295906102
p028,0.581841815818,0.589341065893,0.503149685031,0.499917302003,0.462392187523,0.549992212124,2.03404770614,1.95292968433,0.997453714023
p029,0.56504349565,0.569843015698,0.570342965703,0.474804890953,0.462486288511,0.449876396126,2.03442556922,2.07666777171,1.26205341227
p030,0.509949005099,0.444055594441,0.657434256574,0.674906889618,0.599943910237,0.774991535946,1.41544227846,0.696188735237,0.500008045469
