,whole,whole,whole,whole,whole,whole,whole,whole,whole,whole,whole,mouth,mouth,mouth,mouth,mouth,mouth,mouth,mouth,mouth,mouth,mouth,eyes,eyes,eyes,eyes,eyes,eyes,eyes,eyes,eyes,eyes,eyes
grade,m00,m01,m02,m03,m04,m05,m06,m07,m08,m09,m10,m00,m01,m02,m03,m04,m05,m06,m07,m08,m09,m10,m00,m01,m02,m03,m04,m05,m06,m07,m08,m09,m10
p,,,,,,,,,,,,,,,,,,,,,,,,,,,,,,,,,
p001,12.5,17.5,25.0,20.0,27.5,60.0,67.5,95.0,97.5,100.0,100.0,32.5,42.5,40.0,52.5,57.5,60.0,75.0,80.0,85.0,82.5,82.5,12.5,5.0,17.5,22.5,42.5,42.5,65.0,85.0,90.0,97.5,97.5
p002,15.0,0.0,5.0,15.0,22.5,37.5,57.5,70.0,87.5,90.0,97.5,17.5,20.0,30.0,32.5,40.0,55.0,75.0,75.0,85.0,82.5,90.0,22.5,25.0,27.5,35.0,45.0,60.0,72.5,82.5,90.0,92.5,90.0
p003,12.5,15.0,15.0,20.0,47.5,67.5,77.5,97.5,100.0,100.0,100.0,25.0,25.0,37.5,42.5,60.0,52.5,72.5,65.0,65.0,77.5,85.0,30.0,37.5,45.0,62.5,70.0,75.0,87.5,85.0,85.0,97.5,97.5
p004,5.0,7.5,20.0,12.5,32.5,32.5,60.0,80.0,87.5,85.0,87.5,20.0,30.0,35.0,22.5,40.0,45.0,45.0,52.5,65.0,57.5,57.5,22.5,27.5,37.5,27.5,37.5,57.5,67.5,57.5,77.5,80.0,87.5
p005,0.0,0.0,10.0,15.0,20.0,22.5,45.0,60.0,82.5,77.5,85.0,20.0,20.0,30.0,27.5,35.0,27.5,45.0,40.0,57.5,65.0,55.0,5.0,2.5,15.0,27.5,25.0,35.0,52.5,60.0,82.5,87.5,87.5
p006,5.0,7.5,2.5,7.5,17.5,45.0,77.5,95.0,95.0,100.0,100.0,17.5,17.5,22.5,35.0,37.5,47.5,62.5,67.5,75.0,85.0,87.5,5.0,7.5,7.5,5.0,35.0,40.0,70.0,82.5,97.5,97.5,100.0
p007,12.5,10.0,15.0,22.5,15.0,32.5,60.0,80.0,90.0,95.0,97.5,37.5,55.0,57.5,45.0,55.0,65.0,72.5,92.5,95.0,87.5,87.5,10.0,10.0,20.0,22.5,25.0,45.0,60.0,70.0,85.0,90.0,95.0
p008,17.5,27.5,25.0,30.0,42.5,60.0,62.5,90.0,95.0,95.0,100.0,60.0,67.5,65.0,62.5,67.5,72.5,80.0,90.0,95.0,92.5,92.5,15.0,15.0,30.0,32.5,30.0,42.5,65.0,80.0,97.5,92.5,97.5
p009,5.0,2.5,0.0,5.0,25.0,35.0,62.5,80.0,95.0,97.5,100.0,10.0,7.5,20.0,20.0,27.5,62.5,65.0,80.0,85.0,85.0,87.5,2.5,2.5,5.0,15.0,22.5,45.0,55.0,87.5,85.0,95.0,97.5
p010,15.0,22.5,30.0,27.5,25.0,60.0,70.0,85.0,97.5,95.0,100.0,35.0,37.5,37.5,50.0,55.0,60.0,70.0,70.0,77.5,70.0,85.0,17.5,35.0,37.5,37.5,40.0,40.0,52.5,70.0,87.5,82.5,85.0
p011,2.5,10.0,10.0,7.5,20.0,40.0,77.5,90.0,92.5,95.0,100.0,32.5,25.0,42.5,45.0,57.5,67.5,82.5,92.5,100.0,90.0,95.0,5.0,5.0,7.5,10.0,27.5,25.0,45.0,80.0,90.0,100.0,97.5
p012,12.5,7.5,25.0,37.5,47.5,67.5,85.0,100.0,95.0,100.0,95.0,37.5,45.0,45.0,45.0,57.5,62.5,85.0,85.0,92.5,95.0,87.5,25.0,27.5,32.5,25.0,45.0,55.0,62.5,70.0,87.5,90.0,95.0
p013,2.5,2.5,2.5,12.5,22.5,27.5,62.5,72.5,90.0,92.5,95.0,37.5,32.5,45.0,45.0,60.0,65.0,70.0,77.5,92.5,80.0,80.0,0.0,12.5,15.0,17.5,25.0,35.0,57.5,77.5,92.5,87.5,97.5
p014,5.0,2.5,10.0,10.0,22.5,50.0,62.5,82.5,97.5,97.5,100.0,10.0,2.5,30.0,12.5,22.5,25.0,57.5,65.0,75.0,75.0,80.0,5.0,7.5,10.0,25.0,30.0,50.0,62.5,80.0,95.0,97.5,95.0
p015,7.5,5.0,10.0,17.5,35.0,37.5,67.5,82.5,95.0,97.5,100.0,27.5,22.5,30.0,35.0,37.5,42.5,50.0,55.0,55.0,55.0,62.5,12.5,7.5,7.5,35.0,22.5,42.5,52.5,65.0,75.0,90.0,90.0
p016,10.0,5.0,10.0,17.5,27.5,47.5,62.5,80.0,90.0,100.0,100.0,37.5,45.0,50.0,52.5,62.5,80.0,80.0,85.0,97.5,95.0,97.5,5.0,15.0,17.5,17.5,22.5,42.5,62.5,82.5,95.0,95.0,97.5
p017,57.5,40.0,60.0,55.0,62.5,65.0,70.0,77.5,82.5,82.5,82.5,52.5,55.0,62.5,65.0,65.0,70.0,67.5,62.5,70.0,75.0,65.0,62.5,62.5,67.5,65.0,55.0,60.0,67.5,62.5,82.5,87.5,85.0
p018,45.0,42.5,42.5,45.0,55.0,57.5,62.5,52.5,87.5,90.0,80.0,55.0,55.0,50.0,52.5,60.0,45.0,62.5,57.5,50.0,65.0,50.0,35.0,45.0,55.0,37.5,65.0,55.0,65.0,72.5,72.5,80.0,95.0
p019,5.0,2.5,10.0,7.5,22.5,52.5,77.5,95.0,97.5,100.0,100.0,35.0,30.0,37.5,40.0,47.5,47.5,72.5,85.0,82.5,82.5,92.5,7.5,5.0,15.0,22.5,30.0,47.5,72.5,90.0,95.0,97.5,100.0
p020,27.5,27.5,32.5,35.0,40.0,60.0,72.5,75.0,87.5,90.0,87.5,20.0,40.0,20.0,40.0,40.0,37.5,40.0,37.5,40.0,47.5,40.0,27.5,35.0,42.5,45.0,52.5,65.0,67.5,77.5,90.0,85.0,87.5
p021,2.5,2.5,5.0,10.0,17.5,32.5,45.0,70.0,85.0,95.0,100.0,17.5,27.5,27.5,30.0,42.5,52.5,52.5,55.0,65.0,82.5,75.0,2.5,5.0,5.0,5.0,7.5,20.0,25.0,45.0,60.0,87.5,87.5
p022,5.0,5.0,10.0,17.5,32.5,47.5,60.0,77.5,95.0,100.0,100.0,22.5,20.0,22.5,30.0,40.0,57.5,72.5,75.0,80.0,90.0,90.0,5.0,7.5,12.5,15.0,35.0,45.0,57.5,77.5,87.5,100.0,95.0
p023,7.5,2.5,12.5,20.0,32.5,52.5,75.0,90.0,97.5,100.0,100.0,20.0,20.0,15.0,25.0,37.5,42.5,55.0,67.5,70.0,75.0,80.0,15.0,17.5,7.5,25.0,32.5,50.0,67.5,85.0,92.5,95.0,100.0
p024,10.0,17.5,15.0,20.0,27.5,55.0,80.0,92.5,97.5,97.5,100.0,25.0,30.0,27.5,37.5,30.0,40.0,55.0,67.5,72.5,72.5,80.0,12.5,10.0,20.0,30.0,35.0,45.0,72.5,82.5,95.0,97.5,97.5
p025,20.0,17.5,27.5,22.5,42.5,50.0,60.0,70.0,75.0,90.0,95.0,45.0,42.5,37.5,42.5,50.0,47.5,45.0,57.5,55.0,60.0,70.0,17.5,22.5,22.5,32.5,32.5,42.5,40.0,72.5,90.0,90.0,85.0
p026,7.5,7.5,5.0,7.5,22.5,47.5,70.0,87.5,97.5,100.0,100.0,20.0,30.0,17.5,30.0,35.0,40.0,52.5,50.0,67.5,70.0,72.5,15.0,25.0,22.5,30.0,40.0,52.5,67.5,80.0,87.5,87.5,97.5
p027,7.5,17.5,20.0,30.0,32.5,50.0,75.0,92.5,92.5,100.0,100.0,20.0,35.0,37.5,52.5,60.0,70.0,85.0,85.0,82.5,90.0,85.0,17.5,27.5,30.0,50.0,55.0,62.5,70.0,87.5,87.5,97.5,100.0
p028,7.5,2.5,2.5,15.0,25.0,27.5,55.0,70.0,85.0,97.5,97.5,32.5,25.0,37.5,32.5,42.5,55.0,72.5,67.5,75.0,80.0,85.0,2.5,10.0,10.0,17.5,22.5,22.5,42.5,67.5,85.0,90.0,90.0
p029,0.0,5.0,5.0,7.5,22.5,25.0,65.0,67.5,82.5,90.0,95.0,12.5,15.0,20.0,17.5,25.0,35.0,52.5,57.5,67.5,77.5,70.0,2.5,5.0,10.0,12.5,17.5,30.0,50.0,72.5,82.5,90.0,87.5
p030,35.0,37.5,40.0,52.5,45.0,65.0,85.0,85.0,100.0,95.0,100.0,62.5,55.0,57.5,65.0,70.0,67.5,70.0,82.5,80.0,100.0,85.0,32.5,45.0,40.0,55.0,60.0,60.0,72.5,72.5,75.0,87.5,87.5
