,fearLOW,fearLOW,fearLOW,fearLOW,fearLOW,fearLOW,fearLOW,fearLOW,fearLOW,fearLOW,fearLOW,angerLOW,angerLOW,angerLOW,angerLOW,angerLOW,angerLOW,angerLOW,angerLOW,angerLOW,angerLOW,angerLOW,fearUP,fearUP,fearUP,fearUP,fearUP,fearUP,fearUP,fearUP,fearUP,fearUP,fearUP,angerUP,angerUP,angerUP,angerUP,angerUP,angerUP,angerUP,angerUP,angerUP,angerUP,angerUP
grade,m00,m01,m02,m03,m04,m05,m06,m07,m08,m09,m10,m00,m01,m02,m03,m04,m05,m06,m07,m08,m09,m10,m00,m01,m02,m03,m04,m05,m06,m07,m08,m09,m10,m00,m01,m02,m03,m04,m05,m06,m07,m08,m09,m10
p,,,,,,,,,,,,,,,,,,,,,,,,,,,,,,,,,,,,,,,,,,,,
p001,1078.6,1120.05,1129.15,1302.0,959.05,1523.25,1279.25,1210.8,1241.2,999.15,983.2,1029.6,1116.4,1113.45,931.4,1077.65,1298.45,1281.3,1145.2,1108.95,1091.2,929.05,1005.9,962.45,971.3,936.05,1010.75,890.25,894.05,882.0,990.3,971.2,866.8,1006.9,1138.7,961.8,858.1,816.7,898.75,999.5,799.85,834.7,805.6,811.3
p002,1000.15,1389.15,1116.6,931.25,1130.3,1592.3,984.7,902.75,983.5,900.25,863.15,1156.1,919.75,963.85,909.05,1184.35,1067.7,992.5,1163.45,1011.25,969.4,937.85,1620.65,1677.6,1242.9,1631.15,2152.3,2043.05,2072.15,1501.85,1596.55,2052.6,1391.35,1551.1,1584.45,1584.4,1343.55,1630.4,1372.55,1250.5,1442.5,1259.4,1503.1,1427.2
p003,1990.95,1552.65,2322.0,2282.4,2116.4,2546.9,2603.35,2168.45,1924.3,1566.45,1539.95,1882.0,2270.6,2471.15,2556.6,2022.25,2408.5,2049.15,2808.65,1416.55,1624.35,1336.25,1555.4,1772.95,1651.85,1969.75,1907.9,1594.05,1924.05,1868.55,1519.2,2363.3,2462.7,1972.5,1675.95,1530.3,1648.4,1663.85,1806.55,1538.65,1620.15,1361.3,1873.35,1774.9
p004,1055.75,994.15,1081.9,1074.65,1219.9,1113.75,1015.45,1085.8,1057.3,895.0,929.2,1019.55,1079.25,949.75,1182.35,1110.25,1224.4,1017.2,853.45,1050.1,956.35,929.4,1142.25,1099.35,1200.7,1295.05,1303.4,1179.5,1227.2,1095.65,1065.0,995.25,1093.3,1000.35,1108.8,1139.75,904.8,1076.6,1180.4,1047.25,1047.1,975.6,1124.75,1040.2
p005,1127.0,1198.35,1000.9,1039.4,1873.35,1568.85,1619.05,1771.25,1158.1,1305.9,980.2,1092.05,937.3,1311.8,1098.75,1050.85,1603.35,1315.2,1026.0,1129.7,887.85,921.75,998.8,1141.05,1033.7,1067.35,977.3,1150.55,1023.9,1329.55,1214.45,1033.55,1132.2,982.0,971.65,886.65,900.65,885.7,911.4,899.25,856.0,874.65,946.8,911.05
p006,768.65,824.2,815.9,766.85,764.95,850.0,751.8,864.55,775.9,811.95,759.2,817.8,865.5,914.25,1006.35,858.55,829.9,819.8,750.0,789.45,878.65,878.0,739.9,1025.75,855.1,811.15,786.95,827.45,817.5,850.65,996.8,899.25,891.05,980.1,899.45,802.25,719.15,901.25,770.85,803.25,783.9,927.2,726.0,926.9
p007,865.2,705.5,748.45,770.15,755.85,836.2,882.25,783.35,798.8,848.05,958.75,788.6,791.35,653.35,756.6,903.35,805.75,1053.5,861.4,766.95,751.2,761.85,767.25,855.15,700.55,627.55,780.35,776.6,745.25,742.35,711.65,770.8,735.6,812.35,712.65,770.2,702.25,784.55,746.8,728.45,743.2,783.35,722.2,659.85
p008,1103.7,1016.75,1400.75,1364.75,1263.1,1332.5,1160.95,1235.4,1075.95,1097.45,1152.25,1140.05,1040.35,995.9,1039.05,1287.75,1083.25,1080.15,1228.45,1052.5,1115.4,1080.65,1359.65,1035.5,1009.1,1237.15,1307.15,1103.25,1171.15,1269.2,1305.95,1223.2,1336.4,1210.95,1226.4,1344.05,1065.75,1159.1,1144.25,1035.85,1053.95,1105.6,1172.4,1202.65
p009,1403.6,1423.5,1365.15,1700.35,1384.95,1596.05,1459.15,1448.55,1471.4,1360.75,1353.55,1657.5,1690.75,1255.4,1412.3,1411.2,1436.35,1347.75,2095.8,1263.3,1356.8,1411.8,1359.55,1249.7,1124.1,1089.35,1474.95,1201.65,1119.2,1144.95,1006.4,1108.55,1403.5,1089.55,979.75,1273.4,1179.15,979.65,988.2,1175.9,1300.55,1169.25,1228.5,1057.3
p010,1029.85,1099.7,957.15,1073.8,1059.7,1269.5,1278.95,1104.55,1102.8,1141.7,1196.5,916.65,1099.95,959.35,1019.8,956.25,1276.45,1115.35,1034.5,1040.7,1077.65,1074.35,1063.15,1091.8,1017.2,895.55,914.95,1148.05,1050.35,979.55,1043.05,1069.75,1058.4,1157.35,1075.45,1126.35,995.55,1064.9,1026.45,1021.6,1014.65,1053.05,902.6,1032.9
p011,1227.4,1139.25,1212.95,1090.8,1893.35,1422.05,1277.95,1205.9,1235.3,1015.05,911.2,1135.15,992.1,1056.35,1227.25,1517.75,1216.1,2163.5,1230.05,1114.95,967.2,851.15,1138.1,944.45,1036.9,1340.2,1355.25,1145.8,1130.65,1032.55,1234.55,864.75,930.4,921.35,1030.3,1008.65,1150.4,1026.1,1104.6,1013.9,1024.65,948.15,856.1,946.65
p012,907.55,971.15,915.2,1002.75,1005.65,1175.45,1051.35,1149.3,1059.25,1023.75,871.2,1007.25,992.65,944.05,1150.1,993.9,1352.3,1218.35,1309.05,988.8,853.3,886.15,1128.5,1220.1,1506.4,1080.45,1282.65,1238.8,1308.1,1229.15,1257.05,1429.85,1409.3,1611.6,1643.2,1480.6,1479.15,1580.45,1204.4,1290.55,1158.6,1110.25,1184.7,1380.7
p013,989.6,824.65,794.35,821.0,843.25,1066.95,963.2,979.55,944.25,1160.25,1129.8,887.45,853.25,862.95,1011.25,821.5,970.8,813.1,1015.4,899.4,942.5,960.4,896.75,707.2,1013.0,755.2,827.3,707.5,756.85,795.85,808.1,876.5,710.65,816.3,807.25,778.5,683.1,811.45,735.85,787.25,682.45,789.6,699.6,763.15
p015,825.05,748.15,809.45,782.8,765.5,796.85,878.5,816.05,836.8,719.3,729.25,775.3,751.55,739.75,741.1,766.1,847.05,720.3,746.0,762.85,724.0,739.35,757.9,765.5,734.85,712.3,763.05,709.9,827.6,654.0,657.0,691.05,638.85,742.95,784.2,784.95,690.95,749.4,855.75,734.45,730.35,679.85,666.2,631.95
p016,1161.75,1112.35,1276.1,1170.75,1134.6,1404.8,1345.7,1238.25,2157.1,1044.25,1202.55,1011.45,1081.2,1196.8,1529.75,1221.55,1425.2,1461.85,1333.25,1643.5,1266.3,1264.15,1657.9,2142.8,1699.05,1624.9,1563.05,1772.1,1476.6,1683.7,1585.8,1594.0,1360.0,1756.15,1666.85,1709.95,1395.85,1375.7,1403.5,2208.55,1390.2,1500.7,1445.0,1378.25
p017,1028.1,1140.9,1003.2,939.2,950.95,982.45,955.95,967.3,992.25,959.15,835.2,1049.95,987.85,1094.9,1190.45,978.05,1103.15,896.4,1050.6,906.2,999.75,863.55,906.45,933.4,803.6,802.65,813.6,853.75,869.0,740.55,711.25,875.05,800.1,839.3,875.1,888.25,809.55,787.6,802.55,811.6,801.85,755.85,825.75,851.45
p018,1197.55,1178.3,1306.35,1395.6,1295.45,1459.95,1517.55,1436.8,1279.25,1276.5,1326.65,1148.6,1333.05,1480.75,1176.95,1316.3,1716.4,1668.2,1737.7,1698.6,1186.1,1150.05,1623.7,2285.2,1715.65,1576.2,1603.3,1624.6,1600.65,1470.2,1635.25,1670.4,1537.15,1515.25,1387.6,1418.9,1451.2,1344.4,1433.2,1667.15,1283.1,1323.25,1617.9,1524.3
p019,818.05,932.0,987.25,836.95,830.2,899.25,1016.3,831.95,860.65,774.3,771.25,865.75,842.15,1020.4,916.45,988.3,983.1,970.8,914.55,945.2,852.15,751.35,1098.25,956.1,937.65,993.1,945.8,1174.65,957.65,945.4,832.9,790.0,978.3,919.85,954.95,900.85,888.35,915.5,864.35,892.05,835.15,754.9,776.05,944.75
p020,1268.4,1107.35,1121.3,1247.2,1123.5,1123.25,1035.0,1297.4,1059.15,1093.75,1051.75,980.2,1210.55,1229.8,1336.15,1240.2,1205.85,1280.4,1231.75,1283.4,1075.75,1166.5,1405.7,1447.55,1210.75,1179.65,1467.2,1489.6,1299.15,1311.45,1242.75,1319.9,1061.55,1390.8,1207.2,1372.85,1312.5,1244.8,1412.25,1638.5,1402.05,1565.95,1307.15,1302.1
p021,916.3,827.9,856.05,871.7,1034.9,1115.65,1199.8,1244.7,898.5,888.85,911.05,906.7,1072.55,1279.65,1051.1,862.1,998.45,1059.95,920.5,951.3,865.25,792.25,881.55,986.25,1126.55,1026.5,961.5,978.95,1001.75,1032.2,1007.1,1016.95,1196.75,1325.65,968.15,953.0,1039.95,892.5,1122.5,719.95,981.7,763.1,786.05,834.9
p022,756.15,719.1,857.0,716.15,755.9,717.95,797.05,774.6,716.0,612.6,684.8,839.5,759.3,660.15,762.6,710.9,795.6,670.3,751.9,742.75,731.25,680.95,394.45,447.25,500.7,397.0,271.45,442.2,450.25,329.6,291.25,396.4,426.0,470.9,571.2,329.0,504.35,516.1,423.2,431.8,304.95,429.65,363.5,452.8
p023,972.15,915.8,1080.05,1126.0,1120.65,1106.35,1442.8,1416.1,1275.25,1314.45,1031.15,1016.9,1056.0,1217.4,1094.05,1203.1,1248.35,1289.4,1131.6,1108.1,1353.15,1096.8,823.45,842.2,952.1,975.1,1174.95,1410.45,967.3,958.6,1155.1,1439.25,1145.4,1060.7,896.6,1004.55,1045.4,1148.2,979.05,1199.2,1052.4,915.65,992.6,852.45
p024,1079.3,1058.15,1062.3,1311.3,1172.75,1540.55,1289.4,1225.7,1223.15,1033.55,984.1,1080.1,1267.2,1288.35,1241.1,1258.2,1257.65,1293.3,1076.2,1133.05,1027.0,1088.35,903.2,989.0,1201.15,1340.45,1365.4,1059.45,1077.8,1030.8,1213.4,1072.3,1396.5,1809.45,1496.2,1201.25,1102.95,1163.5,1345.2,1382.8,1223.4,1346.3,1160.05,1178.4
p025,1327.15,1403.6,1479.35,1488.55,1643.0,1548.15,1453.1,1700.55,1540.2,1472.2,1543.2,1438.4,1457.35,1520.05,1527.25,1238.3,1388.85,1399.15,1450.75,1453.55,1545.6,1303.75,1285.5,1439.45,1119.2,1324.5,1335.25,1430.25,1292.5,1463.4,1082.75,1327.9,1155.7,1414.4,1455.25,1387.6,1748.4,1346.15,1242.4,1218.5,1171.15,1272.3,1125.0,1238.45
p026,1392.55,1371.75,1473.95,1485.25,1459.5,2056.45,1631.65,1713.75,1478.95,1328.1,1496.7,1438.75,1589.45,1311.5,1320.45,1621.4,1922.5,1852.65,1422.65,1096.35,1175.4,971.7,1725.75,1902.6,1583.25,2179.1,1439.1,1997.25,1821.25,1292.75,1936.9,2079.75,1663.1,1976.7,1412.55,1543.75,1840.55,1371.25,1192.15,1229.6,1147.25,1295.4,1112.3,1112.9
p027,755.6,801.2,787.2,852.15,903.1,802.5,799.45,996.45,757.55,876.95,831.5,885.2,793.7,783.0,859.2,839.25,758.35,744.6,800.5,798.1,853.4,743.8,831.75,891.3,805.9,780.55,751.25,653.65,1215.8,777.45,951.65,838.1,839.5,1019.7,812.4,852.55,851.75,886.55,729.35,700.45,831.3,786.85,911.8,814.1
p028,1316.7,1271.1,1324.6,1690.85,1838.1,1872.45,1659.25,1216.5,980.05,992.25,887.4,1336.15,1636.25,1583.75,1451.4,1760.15,1463.75,1541.4,1011.2,971.5,1066.85,794.95,1732.3,2589.2,1832.95,2243.25,2886.2,3539.15,2184.9,3105.8,1751.1,1735.45,1837.5,2845.25,2090.8,2479.45,2774.15,1566.5,1719.2,1144.15,1204.15,1299.1,1110.35,989.2
p029,1265.45,1266.6,1328.75,1173.8,1530.7,1541.85,1564.95,1505.55,1319.35,1188.65,1229.3,1125.2,1302.8,1284.25,1399.95,1739.7,1490.35,1536.25,1264.0,1118.15,1134.5,1056.1,1594.1,1352.3,1269.15,1101.55,1600.35,1359.25,938.3,1344.65,1214.25,1310.8,1472.6,1280.2,1389.6,1063.7,1149.85,1093.85,1111.95,1024.65,1050.4,961.7,1060.9,1193.3
p030,925.8,949.35,954.15,1207.25,1136.65,1303.6,1150.25,1100.25,1061.6,1223.15,955.3,1026.8,981.35,948.65,1182.7,1045.8,1139.9,1304.0,948.0,1062.35,914.55,888.75,1637.35,1515.65,2035.4,1494.3,2716.15,1652.2,1981.45,1994.75,2125.4,1738.4,1702.3,1690.65,2107.9,1736.25,1946.95,1388.35,1669.0,2355.7,1347.4,1896.6,1587.55,1624.3
