,fearLOW,fearLOW,fearLOW,fearLOW,fearLOW,fearLOW,fearLOW,fearLOW,fearLOW,fearLOW,fearLOW,angerLOW,angerLOW,angerLOW,angerLOW,angerLOW,angerLOW,angerLOW,angerLOW,angerLOW,angerLOW,angerLOW,fearUP,fearUP,fearUP,fearUP,fearUP,fearUP,fearUP,fearUP,fearUP,fearUP,fearUP,angerUP,angerUP,angerUP,angerUP,angerUP,angerUP,angerUP,angerUP,angerUP,angerUP,angerUP
grade,m00,m01,m02,m03,m04,m05,m06,m07,m08,m09,m10,m00,m01,m02,m03,m04,m05,m06,m07,m08,m09,m10,m00,m01,m02,m03,m04,m05,m06,m07,m08,m09,m10,m00,m01,m02,m03,m04,m05,m06,m07,m08,m09,m10
p,,,,,,,,,,,,,,,,,,,,,,,,,,,,,,,,,,,,,,,,,,,,
p001,15.0,25.0,42.5,40.0,42.5,50.0,55.0,62.5,77.5,77.5,80.0,25.0,32.5,32.5,45.0,37.5,52.5,62.5,67.5,75.0,75.0,87.5,35.0,32.5,42.5,40.0,42.5,45.0,42.5,42.5,45.0,52.5,50.0,57.5,42.5,55.0,57.5,62.5,50.0,57.5,57.5,67.5,60.0,70.0
p002,40.0,27.5,57.5,42.5,52.5,50.0,60.0,87.5,80.0,85.0,87.5,27.5,52.5,52.5,52.5,60.0,57.5,75.0,87.5,67.5,82.5,82.5,40.0,40.0,40.0,35.0,50.0,42.5,42.5,45.0,47.5,47.5,50.0,67.5,72.5,80.0,72.5,67.5,72.5,77.5,82.5,85.0,95.0,90.0
p003,10.0,7.5,15.0,10.0,12.5,35.0,52.5,65.0,90.0,90.0,97.5,22.5,10.0,22.5,20.0,40.0,57.5,82.5,85.0,92.5,95.0,95.0,32.5,30.0,35.0,30.0,32.5,42.5,45.0,57.5,47.5,52.5,52.5,62.5,65.0,52.5,60.0,67.5,62.5,57.5,70.0,72.5,67.5,75.0
p004,12.5,17.5,17.5,25.0,25.0,35.0,45.0,60.0,42.5,52.5,60.0,35.0,37.5,47.5,60.0,57.5,55.0,65.0,65.0,77.5,85.0,85.0,37.5,22.5,37.5,42.5,45.0,47.5,60.0,55.0,62.5,50.0,57.5,57.5,65.0,60.0,60.0,70.0,75.0,85.0,82.5,85.0,85.0,80.0
p005,2.5,12.5,17.5,20.0,25.0,35.0,52.5,70.0,82.5,77.5,92.5,17.5,22.5,20.0,25.0,42.5,55.0,70.0,90.0,92.5,92.5,97.5,5.0,5.0,7.5,7.5,15.0,12.5,12.5,20.0,22.5,15.0,10.0,92.5,90.0,90.0,95.0,92.5,95.0,92.5,92.5,97.5,100.0,100.0
p006,40.0,32.5,42.5,37.5,50.0,50.0,52.5,65.0,75.0,65.0,77.5,32.5,35.0,37.5,42.5,57.5,60.0,65.0,72.5,67.5,77.5,97.5,37.5,45.0,47.5,60.0,52.5,40.0,55.0,67.5,50.0,50.0,37.5,62.5,72.5,60.0,65.0,60.0,77.5,57.5,77.5,67.5,72.5,67.5
p007,17.5,22.5,22.5,25.0,22.5,30.0,50.0,55.0,72.5,77.5,85.0,30.0,37.5,32.5,32.5,37.5,45.0,67.5,90.0,80.0,82.5,82.5,25.0,17.5,30.0,20.0,22.5,25.0,20.0,37.5,30.0,35.0,37.5,92.5,85.0,82.5,90.0,87.5,85.0,95.0,87.5,92.5,92.5,85.0
p008,22.5,25.0,27.5,30.0,32.5,40.0,50.0,50.0,60.0,65.0,72.5,22.5,30.0,35.0,42.5,60.0,65.0,65.0,67.5,75.0,82.5,70.0,37.5,42.5,30.0,42.5,52.5,45.0,55.0,67.5,62.5,55.0,75.0,62.5,57.5,70.0,65.0,70.0,77.5,80.0,77.5,92.5,80.0,87.5
p009,42.5,35.0,40.0,40.0,62.5,40.0,50.0,62.5,70.0,75.0,82.5,32.5,45.0,40.0,47.5,42.5,50.0,60.0,67.5,87.5,77.5,77.5,37.5,47.5,52.5,42.5,45.0,47.5,50.0,45.0,50.0,45.0,47.5,70.0,70.0,75.0,70.0,77.5,62.5,65.0,62.5,65.0,77.5,65.0
p010,7.5,15.0,22.5,22.5,25.0,50.0,55.0,52.5,82.5,82.5,87.5,32.5,10.0,27.5,30.0,35.0,52.5,70.0,77.5,82.5,85.0,95.0,17.5,12.5,12.5,20.0,15.0,22.5,25.0,32.5,20.0,30.0,42.5,55.0,67.5,57.5,70.0,57.5,75.0,72.5,80.0,72.5,80.0,90.0
p011,15.0,7.5,10.0,20.0,30.0,37.5,55.0,80.0,70.0,82.5,92.5,7.5,17.5,20.0,20.0,30.0,40.0,60.0,72.5,82.5,90.0,95.0,30.0,37.5,30.0,42.5,50.0,60.0,65.0,70.0,75.0,85.0,82.5,47.5,37.5,45.0,35.0,60.0,60.0,72.5,82.5,82.5,82.5,80.0
p012,7.5,12.5,10.0,17.5,22.5,40.0,50.0,62.5,60.0,85.0,92.5,22.5,22.5,30.0,27.5,42.5,47.5,65.0,67.5,92.5,92.5,95.0,12.5,15.0,15.0,7.5,15.0,20.0,22.5,40.0,35.0,40.0,42.5,57.5,55.0,47.5,55.0,65.0,60.0,77.5,77.5,82.5,92.5,82.5
p013,12.5,17.5,12.5,10.0,22.5,30.0,22.5,40.0,45.0,47.5,62.5,32.5,27.5,35.0,30.0,37.5,47.5,32.5,57.5,55.0,62.5,62.5,25.0,32.5,30.0,22.5,22.5,27.5,32.5,32.5,27.5,35.0,40.0,52.5,50.0,37.5,42.5,52.5,47.5,47.5,57.5,52.5,45.0,62.5
p015,5.0,12.5,12.5,20.0,25.0,40.0,50.0,72.5,67.5,82.5,85.0,12.5,20.0,20.0,30.0,32.5,47.5,50.0,67.5,85.0,80.0,87.5,45.0,47.5,32.5,42.5,35.0,40.0,47.5,45.0,45.0,47.5,42.5,72.5,47.5,50.0,55.0,42.5,57.5,57.5,42.5,62.5,52.5,50.0
p016,7.5,15.0,7.5,17.5,20.0,35.0,45.0,57.5,67.5,77.5,95.0,17.5,20.0,25.0,27.5,37.5,45.0,55.0,62.5,77.5,75.0,92.5,17.5,27.5,15.0,30.0,27.5,37.5,40.0,60.0,55.0,52.5,67.5,47.5,60.0,67.5,52.5,70.0,72.5,80.0,80.0,82.5,80.0,77.5
p017,27.5,25.0,22.5,50.0,45.0,40.0,55.0,72.5,65.0,85.0,85.0,30.0,40.0,30.0,37.5,47.5,55.0,65.0,70.0,72.5,87.5,90.0,10.0,22.5,27.5,20.0,35.0,37.5,27.5,30.0,30.0,32.5,47.5,35.0,40.0,35.0,45.0,35.0,40.0,45.0,42.5,37.5,42.5,42.5
p018,15.0,12.5,15.0,27.5,32.5,47.5,47.5,75.0,75.0,87.5,90.0,25.0,30.0,30.0,30.0,40.0,47.5,65.0,77.5,87.5,95.0,92.5,40.0,47.5,55.0,40.0,62.5,50.0,47.5,47.5,50.0,55.0,67.5,77.5,80.0,82.5,82.5,80.0,80.0,80.0,90.0,87.5,92.5,82.5
p019,25.0,32.5,30.0,37.5,35.0,40.0,50.0,72.5,72.5,77.5,87.5,30.0,40.0,30.0,30.0,42.5,65.0,62.5,60.0,87.5,90.0,90.0,25.0,22.5,22.5,25.0,17.5,35.0,30.0,37.5,32.5,37.5,32.5,65.0,67.5,62.5,65.0,75.0,72.5,80.0,72.5,77.5,82.5,92.5
p020,17.5,15.0,20.0,22.5,25.0,32.5,40.0,50.0,50.0,55.0,60.0,55.0,55.0,47.5,62.5,60.0,65.0,87.5,90.0,80.0,85.0,92.5,15.0,20.0,25.0,25.0,35.0,55.0,57.5,75.0,82.5,82.5,92.5,25.0,27.5,20.0,25.0,32.5,47.5,70.0,75.0,82.5,82.5,87.5
p021,10.0,7.5,15.0,15.0,25.0,37.5,50.0,70.0,80.0,92.5,85.0,12.5,5.0,12.5,27.5,25.0,45.0,65.0,75.0,85.0,90.0,90.0,2.5,10.0,5.0,10.0,10.0,22.5,27.5,27.5,22.5,32.5,32.5,40.0,40.0,37.5,45.0,42.5,50.0,52.5,57.5,60.0,60.0,55.0
p022,22.5,27.5,30.0,42.5,47.5,47.5,65.0,72.5,77.5,87.5,87.5,30.0,32.5,40.0,52.5,52.5,52.5,52.5,75.0,77.5,85.0,92.5,55.0,65.0,72.5,62.5,67.5,62.5,65.0,55.0,75.0,62.5,70.0,77.5,72.5,72.5,70.0,85.0,80.0,72.5,75.0,67.5,77.5,72.5
p023,15.0,20.0,20.0,20.0,30.0,45.0,60.0,85.0,80.0,82.5,80.0,25.0,20.0,22.5,35.0,42.5,40.0,72.5,82.5,87.5,87.5,92.5,32.5,27.5,42.5,27.5,42.5,57.5,42.5,60.0,62.5,80.0,75.0,50.0,47.5,47.5,42.5,50.0,70.0,75.0,87.5,90.0,75.0,85.0
p024,2.5,10.0,20.0,20.0,27.5,45.0,50.0,72.5,82.5,90.0,92.5,15.0,25.0,25.0,30.0,40.0,55.0,62.5,77.5,80.0,95.0,90.0,5.0,20.0,15.0,10.0,25.0,27.5,25.0,30.0,30.0,32.5,30.0,22.5,37.5,40.0,35.0,47.5,55.0,50.0,57.5,67.5,57.5,75.0
p025,50.0,35.0,40.0,40.0,50.0,55.0,55.0,65.0,75.0,75.0,87.5,60.0,60.0,62.5,60.0,75.0,67.5,67.5,82.5,87.5,90.0,97.5,50.0,50.0,45.0,60.0,55.0,65.0,60.0,67.5,77.5,75.0,67.5,67.5,67.5,62.5,70.0,72.5,82.5,90.0,85.0,82.5,82.5,90.0
p026,10.0,12.5,15.0,12.5,22.5,40.0,45.0,70.0,72.5,90.0,92.5,32.5,32.5,32.5,35.0,45.0,60.0,65.0,90.0,92.5,100.0,100.0,27.5,32.5,22.5,25.0,45.0,35.0,45.0,45.0,52.5,55.0,67.5,57.5,62.5,70.0,80.0,95.0,82.5,95.0,90.0,92.5,90.0,100.0
p027,30.0,27.5,12.5,25.0,37.5,40.0,52.5,37.5,55.0,67.5,67.5,30.0,40.0,30.0,32.5,47.5,30.0,55.0,62.5,62.5,65.0,65.0,40.0,42.5,47.5,37.5,45.0,60.0,47.5,62.5,55.0,55.0,60.0,65.0,60.0,52.5,57.5,75.0,62.5,62.5,62.5,52.5,65.0,60.0
p028,10.0,10.0,17.5,27.5,40.0,57.5,77.5,97.5,97.5,100.0,100.0,20.0,20.0,20.0,27.5,42.5,75.0,87.5,100.0,100.0,100.0,100.0,27.5,35.0,32.5,30.0,45.0,50.0,60.0,70.0,75.0,75.0,80.0,47.5,52.5,70.0,75.0,82.5,80.0,95.0,92.5,95.0,95.0,97.5
p029,10.0,12.5,17.5,32.5,20.0,50.0,55.0,65.0,90.0,92.5,95.0,22.5,17.5,20.0,20.0,27.5,52.5,62.5,90.0,90.0,92.5,92.5,32.5,37.5,40.0,50.0,40.0,42.5,52.5,45.0,55.0,55.0,50.0,60.0,85.0,75.0,70.0,75.0,82.5,90.0,82.5,77.5,82.5,87.5
p030,10.0,2.5,12.5,7.5,17.5,35.0,47.5,62.5,77.5,85.0,92.5,15.0,15.0,15.0,25.0,30.0,55.0,60.0,72.5,90.0,90.0,97.5,20.0,25.0,30.0,27.5,20.0,40.0,42.5,42.5,55.0,52.5,60.0,50.0,47.5,60.0,52.5,65.0,57.5,65.0,65.0,77.5,75.0,77.5
