,threshold,threshold,threshold,threshold,bias,bias,bias,bias,slope,slope,slope,slope
,angerLOW,fearLOW,angerUP,fearUP,angerLOW,fearLOW,angerUP,fearUP,angerLOW,fearLOW,angerUP,fearUP
,,,,,,,,,,,,
p001,0.54904509549,0.428857114289,0.389161083892,0.481051894811,0.562468384529,0.474925249827,0.562495713783,0.424984242282,0.834755178487,0.783571635903,0.158078558972,0.166004701481
p002,0.357464253575,0.455454454555,0.667333266673,0.393460653935,0.574948513997,0.574960420787,0.812470638315,0.424989449732,0.606711963046,0.759395247591,0.384757904812,0.118638602044
p003,0.463153684632,0.609139086091,0.438256174383,0.568843115688,0.524951029134,0.524876772559,0.637499868409,0.437485077308,2.09392894976,2.15422346086,0.140549444854,0.491733019241
p004,0.482051794821,0.503949605039,0.428657134287,0.335666433357,0.599962615006,0.362440939775,0.712452267419,0.424987955843,0.591612408763,0.747608949851,0.808050154389,0.443633492766
p005,0.509449055094,0.55204479552,0.623837616238,0.60603939606,0.5748524697,0.474983445621,0.949993536192,0.137497798668,1.84972355601,1.41506961926,0.113389078831,0.142006510152
p006,0.619738026197,0.555444455554,0.535846415358,0.999800019998,0.649952668882,0.549982238014,0.674995607212,0.511726127088,0.730381279044,0.612147283023,0.0666642980596,0.037438055428
p007,0.561443855614,0.642535746425,0.54804519548,0.554744525547,0.599973670986,0.512458657965,0.887497738471,0.27498979119,2.1949215395,1.41809772402,0.0237682633741,0.189413786161
p008,0.402659734027,0.607339266073,0.508349165083,0.538646135386,0.524958846559,0.474951843816,0.749985405189,0.52498696943,0.840455335046,0.752422654178,0.362453561306,0.432325555674
p009,0.575742425757,0.634936506349,0.999800019998,0.155884411559,0.599993869769,0.587491607876,0.666136134371,0.449997545061,0.745336571282,0.642094664751,-0.0423557061924,0.0424823833761
p010,0.490150984902,0.537646235376,0.5800419958,0.72502749725,0.524901718004,0.474962489978,0.724970600479,0.274997863553,1.23480531492,1.22299682774,0.327304281321,0.32223524671
p011,0.547745225477,0.560843915608,0.448755124488,0.505449455054,0.512426803148,0.499850120711,0.587488858158,0.574920254916,1.51936675643,1.51667353812,1.08538573485,0.882807118857
p012,0.566843315668,0.61403859614,0.55404459554,0.568843115688,0.58745868272,0.499915381245,0.699963195778,0.249943995191,1.43374215317,1.34326131955,0.597426794262,0.660127244199
p013,0.573742625737,0.675132486751,0.537446255374,0.67603239676,0.449950760785,0.362425736673,0.499999289322,0.31249065657,0.557378787283,0.757692291653,0.096885119894,0.125825374716
p015,0.53604639536,0.536746325367,0.631136886311,0.0,0.499926843587,0.449927690097,0.536365442588,0.408583236578,1.23771405854,1.39998930721,7.90386645022e-07,0.0398915383226
p016,0.60103989601,0.649535046495,0.321767823218,0.556144385561,0.549947462219,0.512496554612,0.649995669654,0.412447966865,1.09150659147,1.40504597419,0.495463092877,0.689743423146
p017,0.566943305669,0.544945505449,0.486751324868,0.476052394761,0.599917843114,0.537425199331,0.399996212239,0.287485125223,0.939315466606,0.87399225617,0.0578440116128,0.229793798386
p018,0.568543145685,0.556544345565,0.685431456854,0.708129187081,0.599866633436,0.512441721789,0.849987982816,0.5374856691,1.53389035348,1.37914085086,0.121171314871,0.146228591231
p019,0.564543545645,0.61603839616,0.675432456754,0.420457954205,0.599936564031,0.562482058916,0.774994811607,0.274979266002,1.10893900389,1.08862899361,0.304826164141,0.20800500022
p020,0.481151884812,0.561943805619,0.529647035296,0.535346465353,0.699930102522,0.374959858278,0.537342871247,0.537499576281,0.742235161436,0.761952174239,1.75098173773,1.31366072603
p021,0.502249775022,0.579642035796,0.485251474853,0.462453754625,0.474901420019,0.499893984643,0.487458407549,0.174981897103,1.71092428175,1.69572540226,0.431929939516,0.495434376051
p022,0.565843415658,0.503449655034,0.979102089791,0.546145385461,0.612423610325,0.549973192506,0.747728475126,0.649999823687,0.788683599655,1.01164217098,5.77015102365e-07,0.0490505293793
p023,0.52604739526,0.522847715228,0.507349265073,0.60103989601,0.562385799747,0.499972916596,0.662481125061,0.537440884145,1.58667058083,1.95784070524,1.33714655596,0.693324708909
p024,0.516548345165,0.525947405259,0.47595240476,0.316268373163,0.549915684057,0.474889872767,0.487487390038,0.187466179526,1.26629055676,1.46874262655,0.497095114758,0.349926398003
p025,0.671332866713,0.622837716228,0.425857414259,0.498750124988,0.787466824421,0.612467532932,0.762466563228,0.612466766354,0.646251247614,0.693284059032,0.484792535513,0.373887447026
p026,0.565743425657,0.605739426057,0.327067293271,0.625837416258,0.662458700264,0.512339694401,0.787460136207,0.449980171118,1.66380648125,1.68226900327,0.60755301649,0.507260835203
p027,0.551244875512,0.498050194981,0.976902309769,0.479852014799,0.474960682245,0.399941195644,0.613639267397,0.499988309948,0.904465102228,0.597099129016,3.24378413019e-06,0.266524575969
p028,0.457154284572,0.473052694731,0.301369863014,0.528147185281,0.599725375352,0.549835172366,0.724975246531,0.537479346155,3.00435790036,2.1877056427,0.869308304356,1.0018371072
p029,0.533246675332,0.558844115588,0.251474852515,0.386361363864,0.549832203828,0.52485456105,0.74998320722,0.437489058629,2.33422227096,1.54193528372,0.19223734688,0.23077046624
p030,0.559844015598,0.594640535946,0.494850514949,0.581941805819,0.562343386968,0.474983746751,0.624982553875,0.399973212328,1.62924306214,1.71538551236,0.369972993264,0.593552058602
